(kicad_pcb (version 20171130) (host pcbnew 6.0.0-rc1-unknown-a55d981~66~ubuntu18.10.1)

  (general
    (thickness 1.6)
    (drawings 10)
    (tracks 667)
    (zones 0)
    (modules 109)
    (nets 103)
  )

  (page A4)
  (layers
    (0 F.Cu signal)
    (31 B.Cu signal)
    (32 B.Adhes user)
    (33 F.Adhes user)
    (34 B.Paste user)
    (35 F.Paste user)
    (36 B.SilkS user)
    (37 F.SilkS user)
    (38 B.Mask user)
    (39 F.Mask user)
    (40 Dwgs.User user)
    (41 Cmts.User user)
    (42 Eco1.User user)
    (43 Eco2.User user)
    (44 Edge.Cuts user)
    (45 Margin user)
    (46 B.CrtYd user)
    (47 F.CrtYd user)
    (48 B.Fab user)
    (49 F.Fab user)
  )

  (setup
    (last_trace_width 0.25)
    (user_trace_width 0.5)
    (user_trace_width 1)
    (trace_clearance 0.2)
    (zone_clearance 1)
    (zone_45_only no)
    (trace_min 0.2)
    (via_size 0.8)
    (via_drill 0.4)
    (via_min_size 0.4)
    (via_min_drill 0.3)
    (uvia_size 0.3)
    (uvia_drill 0.1)
    (uvias_allowed no)
    (uvia_min_size 0.2)
    (uvia_min_drill 0.1)
    (edge_width 0.05)
    (segment_width 0.2)
    (pcb_text_width 0.3)
    (pcb_text_size 1.5 1.5)
    (mod_edge_width 0.12)
    (mod_text_size 1 1)
    (mod_text_width 0.15)
    (pad_size 1.524 1.524)
    (pad_drill 0.762)
    (pad_to_mask_clearance 0.051)
    (solder_mask_min_width 0.25)
    (aux_axis_origin 0 0)
    (visible_elements FFFFFF7F)
    (pcbplotparams
      (layerselection 0x010fc_ffffffff)
      (usegerberextensions false)
      (usegerberattributes false)
      (usegerberadvancedattributes false)
      (creategerberjobfile false)
      (excludeedgelayer true)
      (linewidth 0.100000)
      (plotframeref false)
      (viasonmask false)
      (mode 1)
      (useauxorigin false)
      (hpglpennumber 1)
      (hpglpenspeed 20)
      (hpglpendiameter 15.000000)
      (psnegative false)
      (psa4output false)
      (plotreference true)
      (plotvalue true)
      (plotinvisibletext false)
      (padsonsilk false)
      (subtractmaskfromsilk false)
      (outputformat 1)
      (mirror false)
      (drillshape 1)
      (scaleselection 1)
      (outputdirectory ""))
  )

  (net 0 "")
  (net 1 GND)
  (net 2 "Net-(C1-Pad1)")
  (net 3 /Vref2)
  (net 4 "Net-(C3-Pad1)")
  (net 5 "Net-(C4-Pad1)")
  (net 6 /Vreg)
  (net 7 "Net-(C6-Pad1)")
  (net 8 "Net-(C7-Pad1)")
  (net 9 /T1)
  (net 10 /T2)
  (net 11 /T3)
  (net 12 /T4)
  (net 13 /T5)
  (net 14 /cell12/C)
  (net 15 /cell11/C)
  (net 16 /cell10/C)
  (net 17 /cell9/C)
  (net 18 /cell8/C)
  (net 19 /cell7/C)
  (net 20 /cell6/C)
  (net 21 /cell5/C)
  (net 22 /cell4/C)
  (net 23 /cell3/C)
  (net 24 /cell2/C)
  (net 25 /cell1/C)
  (net 26 "Net-(F1-Pad1)")
  (net 27 /cell12/C+)
  (net 28 /cell11/C+)
  (net 29 "Net-(F2-Pad1)")
  (net 30 "Net-(F3-Pad1)")
  (net 31 /cell10/C+)
  (net 32 /cell9/C+)
  (net 33 "Net-(F4-Pad1)")
  (net 34 "Net-(F5-Pad1)")
  (net 35 /cell8/C+)
  (net 36 /cell7/C+)
  (net 37 "Net-(F6-Pad1)")
  (net 38 "Net-(F7-Pad1)")
  (net 39 /cell6/C+)
  (net 40 /cell5/C+)
  (net 41 "Net-(F8-Pad1)")
  (net 42 "Net-(F9-Pad1)")
  (net 43 /cell4/C+)
  (net 44 /cell3/C+)
  (net 45 "Net-(F10-Pad1)")
  (net 46 "Net-(F11-Pad1)")
  (net 47 /cell2/C+)
  (net 48 /cell1/C+)
  (net 49 "Net-(F12-Pad1)")
  (net 50 "Net-(J2-Pad2)")
  (net 51 "Net-(J2-Pad1)")
  (net 52 "Net-(J3-Pad1)")
  (net 53 "Net-(J3-Pad2)")
  (net 54 /DTEN)
  (net 55 /WDT)
  (net 56 /DRIVE)
  (net 57 "Net-(Q2-Pad1)")
  (net 58 "Net-(Q2-Pad3)")
  (net 59 "Net-(Q3-Pad3)")
  (net 60 "Net-(Q3-Pad1)")
  (net 61 "Net-(Q4-Pad3)")
  (net 62 "Net-(Q4-Pad1)")
  (net 63 "Net-(Q5-Pad1)")
  (net 64 "Net-(Q5-Pad3)")
  (net 65 "Net-(Q6-Pad3)")
  (net 66 "Net-(Q6-Pad1)")
  (net 67 "Net-(Q7-Pad3)")
  (net 68 "Net-(Q7-Pad1)")
  (net 69 "Net-(Q8-Pad1)")
  (net 70 "Net-(Q8-Pad3)")
  (net 71 "Net-(Q9-Pad3)")
  (net 72 "Net-(Q9-Pad1)")
  (net 73 "Net-(Q10-Pad1)")
  (net 74 "Net-(Q10-Pad3)")
  (net 75 "Net-(Q11-Pad1)")
  (net 76 "Net-(Q11-Pad3)")
  (net 77 "Net-(Q12-Pad3)")
  (net 78 "Net-(Q12-Pad1)")
  (net 79 "Net-(Q13-Pad1)")
  (net 80 "Net-(Q13-Pad3)")
  (net 81 "Net-(R3-Pad2)")
  (net 82 "Net-(R3-Pad1)")
  (net 83 /IPB)
  (net 84 /IMB)
  (net 85 /IMA)
  (net 86 /IPA)
  (net 87 /cell12/S)
  (net 88 /cell11/S)
  (net 89 /cell10/S)
  (net 90 /cell9/S)
  (net 91 /cell8/S)
  (net 92 /cell7/S)
  (net 93 /cell6/S)
  (net 94 /cell5/S)
  (net 95 /cell4/S)
  (net 96 /cell3/S)
  (net 97 /cell2/S)
  (net 98 /cell1/S)
  (net 99 "Net-(J5-Pad1)")
  (net 100 "Net-(J6-Pad1)")
  (net 101 "Net-(J7-Pad1)")
  (net 102 "Net-(J8-Pad1)")

  (net_class Default "This is the default net class."
    (clearance 0.2)
    (trace_width 0.25)
    (via_dia 0.8)
    (via_drill 0.4)
    (uvia_dia 0.3)
    (uvia_drill 0.1)
    (add_net /DRIVE)
    (add_net /DTEN)
    (add_net /IMA)
    (add_net /IMB)
    (add_net /IPA)
    (add_net /IPB)
    (add_net /T1)
    (add_net /T2)
    (add_net /T3)
    (add_net /T4)
    (add_net /T5)
    (add_net /Vref2)
    (add_net /Vreg)
    (add_net /WDT)
    (add_net /cell1/C)
    (add_net /cell1/C+)
    (add_net /cell1/S)
    (add_net /cell10/C)
    (add_net /cell10/C+)
    (add_net /cell10/S)
    (add_net /cell11/C)
    (add_net /cell11/C+)
    (add_net /cell11/S)
    (add_net /cell12/C)
    (add_net /cell12/C+)
    (add_net /cell12/S)
    (add_net /cell2/C)
    (add_net /cell2/C+)
    (add_net /cell2/S)
    (add_net /cell3/C)
    (add_net /cell3/C+)
    (add_net /cell3/S)
    (add_net /cell4/C)
    (add_net /cell4/C+)
    (add_net /cell4/S)
    (add_net /cell5/C)
    (add_net /cell5/C+)
    (add_net /cell5/S)
    (add_net /cell6/C)
    (add_net /cell6/C+)
    (add_net /cell6/S)
    (add_net /cell7/C)
    (add_net /cell7/C+)
    (add_net /cell7/S)
    (add_net /cell8/C)
    (add_net /cell8/C+)
    (add_net /cell8/S)
    (add_net /cell9/C)
    (add_net /cell9/C+)
    (add_net /cell9/S)
    (add_net GND)
    (add_net "Net-(C1-Pad1)")
    (add_net "Net-(C3-Pad1)")
    (add_net "Net-(C6-Pad1)")
    (add_net "Net-(C7-Pad1)")
    (add_net "Net-(F1-Pad1)")
    (add_net "Net-(F10-Pad1)")
    (add_net "Net-(F11-Pad1)")
    (add_net "Net-(F12-Pad1)")
    (add_net "Net-(F2-Pad1)")
    (add_net "Net-(F3-Pad1)")
    (add_net "Net-(F4-Pad1)")
    (add_net "Net-(F5-Pad1)")
    (add_net "Net-(F6-Pad1)")
    (add_net "Net-(F7-Pad1)")
    (add_net "Net-(F8-Pad1)")
    (add_net "Net-(F9-Pad1)")
    (add_net "Net-(J2-Pad1)")
    (add_net "Net-(J2-Pad2)")
    (add_net "Net-(J3-Pad1)")
    (add_net "Net-(J3-Pad2)")
    (add_net "Net-(J5-Pad1)")
    (add_net "Net-(J6-Pad1)")
    (add_net "Net-(J7-Pad1)")
    (add_net "Net-(J8-Pad1)")
    (add_net "Net-(Q10-Pad1)")
    (add_net "Net-(Q10-Pad3)")
    (add_net "Net-(Q11-Pad1)")
    (add_net "Net-(Q11-Pad3)")
    (add_net "Net-(Q12-Pad1)")
    (add_net "Net-(Q12-Pad3)")
    (add_net "Net-(Q13-Pad1)")
    (add_net "Net-(Q13-Pad3)")
    (add_net "Net-(Q2-Pad1)")
    (add_net "Net-(Q2-Pad3)")
    (add_net "Net-(Q3-Pad1)")
    (add_net "Net-(Q3-Pad3)")
    (add_net "Net-(Q4-Pad1)")
    (add_net "Net-(Q4-Pad3)")
    (add_net "Net-(Q5-Pad1)")
    (add_net "Net-(Q5-Pad3)")
    (add_net "Net-(Q6-Pad1)")
    (add_net "Net-(Q6-Pad3)")
    (add_net "Net-(Q7-Pad1)")
    (add_net "Net-(Q7-Pad3)")
    (add_net "Net-(Q8-Pad1)")
    (add_net "Net-(Q8-Pad3)")
    (add_net "Net-(Q9-Pad1)")
    (add_net "Net-(Q9-Pad3)")
    (add_net "Net-(R3-Pad1)")
    (add_net "Net-(R3-Pad2)")
  )

  (net_class wide ""
    (clearance 1)
    (trace_width 0.25)
    (via_dia 0.8)
    (via_drill 0.4)
    (uvia_dia 0.3)
    (uvia_drill 0.1)
    (add_net "Net-(C4-Pad1)")
  )

  (module Capacitors_SMD:C_0805_HandSoldering (layer F.Cu) (tedit 58AA84A8) (tstamp 5C4FA78E)
    (at 68.3 55.95)
    (descr "Capacitor SMD 0805, hand soldering")
    (tags "capacitor 0805")
    (path /5C727BCF)
    (attr smd)
    (fp_text reference C1 (at -4 -0.25) (layer F.SilkS)
      (effects (font (size 1 1) (thickness 0.15)))
    )
    (fp_text value 1u (at 0 1.75) (layer F.Fab)
      (effects (font (size 1 1) (thickness 0.15)))
    )
    (fp_line (start 2.25 0.87) (end -2.25 0.87) (layer F.CrtYd) (width 0.05))
    (fp_line (start 2.25 0.87) (end 2.25 -0.88) (layer F.CrtYd) (width 0.05))
    (fp_line (start -2.25 -0.88) (end -2.25 0.87) (layer F.CrtYd) (width 0.05))
    (fp_line (start -2.25 -0.88) (end 2.25 -0.88) (layer F.CrtYd) (width 0.05))
    (fp_line (start -0.5 0.85) (end 0.5 0.85) (layer F.SilkS) (width 0.12))
    (fp_line (start 0.5 -0.85) (end -0.5 -0.85) (layer F.SilkS) (width 0.12))
    (fp_line (start -1 -0.62) (end 1 -0.62) (layer F.Fab) (width 0.1))
    (fp_line (start 1 -0.62) (end 1 0.62) (layer F.Fab) (width 0.1))
    (fp_line (start 1 0.62) (end -1 0.62) (layer F.Fab) (width 0.1))
    (fp_line (start -1 0.62) (end -1 -0.62) (layer F.Fab) (width 0.1))
    (fp_text user %R (at 0 -1.75) (layer F.Fab)
      (effects (font (size 1 1) (thickness 0.15)))
    )
    (pad 2 smd rect (at 1.25 0) (size 1.5 1.25) (layers F.Cu F.Paste F.Mask)
      (net 1 GND))
    (pad 1 smd rect (at -1.25 0) (size 1.5 1.25) (layers F.Cu F.Paste F.Mask)
      (net 2 "Net-(C1-Pad1)"))
    (model Capacitor_SMD.3dshapes/C_0805_2012Metric.wrl
      (at (xyz 0 0 0))
      (scale (xyz 1 1 1))
      (rotate (xyz 0 0 0))
    )
  )

  (module Capacitors_SMD:C_0805_HandSoldering (layer F.Cu) (tedit 58AA84A8) (tstamp 5C4FA79F)
    (at 68.3 53.7)
    (descr "Capacitor SMD 0805, hand soldering")
    (tags "capacitor 0805")
    (path /5C7526CF)
    (attr smd)
    (fp_text reference C2 (at -4 0) (layer F.SilkS)
      (effects (font (size 1 1) (thickness 0.15)))
    )
    (fp_text value 1u (at 0 1.75) (layer F.Fab)
      (effects (font (size 1 1) (thickness 0.15)))
    )
    (fp_text user %R (at 0 -1.75) (layer F.Fab)
      (effects (font (size 1 1) (thickness 0.15)))
    )
    (fp_line (start -1 0.62) (end -1 -0.62) (layer F.Fab) (width 0.1))
    (fp_line (start 1 0.62) (end -1 0.62) (layer F.Fab) (width 0.1))
    (fp_line (start 1 -0.62) (end 1 0.62) (layer F.Fab) (width 0.1))
    (fp_line (start -1 -0.62) (end 1 -0.62) (layer F.Fab) (width 0.1))
    (fp_line (start 0.5 -0.85) (end -0.5 -0.85) (layer F.SilkS) (width 0.12))
    (fp_line (start -0.5 0.85) (end 0.5 0.85) (layer F.SilkS) (width 0.12))
    (fp_line (start -2.25 -0.88) (end 2.25 -0.88) (layer F.CrtYd) (width 0.05))
    (fp_line (start -2.25 -0.88) (end -2.25 0.87) (layer F.CrtYd) (width 0.05))
    (fp_line (start 2.25 0.87) (end 2.25 -0.88) (layer F.CrtYd) (width 0.05))
    (fp_line (start 2.25 0.87) (end -2.25 0.87) (layer F.CrtYd) (width 0.05))
    (pad 1 smd rect (at -1.25 0) (size 1.5 1.25) (layers F.Cu F.Paste F.Mask)
      (net 3 /Vref2))
    (pad 2 smd rect (at 1.25 0) (size 1.5 1.25) (layers F.Cu F.Paste F.Mask)
      (net 1 GND))
    (model Capacitor_SMD.3dshapes/C_0805_2012Metric.wrl
      (at (xyz 0 0 0))
      (scale (xyz 1 1 1))
      (rotate (xyz 0 0 0))
    )
  )

  (module Capacitors_SMD:C_0603_HandSoldering (layer F.Cu) (tedit 58AA848B) (tstamp 5C4FA7B0)
    (at 49.7 17.5)
    (descr "Capacitor SMD 0603, hand soldering")
    (tags "capacitor 0603")
    (path /5C81A04B)
    (attr smd)
    (fp_text reference C3 (at 0 -1.25) (layer F.SilkS)
      (effects (font (size 1 1) (thickness 0.15)))
    )
    (fp_text value 100n (at 0 1.5) (layer F.Fab)
      (effects (font (size 1 1) (thickness 0.15)))
    )
    (fp_line (start 1.8 0.65) (end -1.8 0.65) (layer F.CrtYd) (width 0.05))
    (fp_line (start 1.8 0.65) (end 1.8 -0.65) (layer F.CrtYd) (width 0.05))
    (fp_line (start -1.8 -0.65) (end -1.8 0.65) (layer F.CrtYd) (width 0.05))
    (fp_line (start -1.8 -0.65) (end 1.8 -0.65) (layer F.CrtYd) (width 0.05))
    (fp_line (start 0.35 0.6) (end -0.35 0.6) (layer F.SilkS) (width 0.12))
    (fp_line (start -0.35 -0.6) (end 0.35 -0.6) (layer F.SilkS) (width 0.12))
    (fp_line (start -0.8 -0.4) (end 0.8 -0.4) (layer F.Fab) (width 0.1))
    (fp_line (start 0.8 -0.4) (end 0.8 0.4) (layer F.Fab) (width 0.1))
    (fp_line (start 0.8 0.4) (end -0.8 0.4) (layer F.Fab) (width 0.1))
    (fp_line (start -0.8 0.4) (end -0.8 -0.4) (layer F.Fab) (width 0.1))
    (fp_text user %R (at 0 -1.25) (layer F.Fab)
      (effects (font (size 1 1) (thickness 0.15)))
    )
    (pad 2 smd rect (at 0.95 0) (size 1.2 0.75) (layers F.Cu F.Paste F.Mask)
      (net 1 GND))
    (pad 1 smd rect (at -0.95 0) (size 1.2 0.75) (layers F.Cu F.Paste F.Mask)
      (net 4 "Net-(C3-Pad1)"))
    (model Capacitor_SMD.3dshapes/C_0603_1608Metric.wrl
      (at (xyz 0 0 0))
      (scale (xyz 1 1 1))
      (rotate (xyz 0 0 0))
    )
  )

  (module Capacitors_SMD:C_0603_HandSoldering (layer F.Cu) (tedit 58AA848B) (tstamp 5C4FA7C1)
    (at 49.7 14.5)
    (descr "Capacitor SMD 0603, hand soldering")
    (tags "capacitor 0603")
    (path /5C81B19B)
    (attr smd)
    (fp_text reference C4 (at 0 -1.25) (layer F.SilkS)
      (effects (font (size 1 1) (thickness 0.15)))
    )
    (fp_text value 100n (at 0 1.5) (layer F.Fab)
      (effects (font (size 1 1) (thickness 0.15)))
    )
    (fp_text user %R (at 0 -1.25) (layer F.Fab)
      (effects (font (size 1 1) (thickness 0.15)))
    )
    (fp_line (start -0.8 0.4) (end -0.8 -0.4) (layer F.Fab) (width 0.1))
    (fp_line (start 0.8 0.4) (end -0.8 0.4) (layer F.Fab) (width 0.1))
    (fp_line (start 0.8 -0.4) (end 0.8 0.4) (layer F.Fab) (width 0.1))
    (fp_line (start -0.8 -0.4) (end 0.8 -0.4) (layer F.Fab) (width 0.1))
    (fp_line (start -0.35 -0.6) (end 0.35 -0.6) (layer F.SilkS) (width 0.12))
    (fp_line (start 0.35 0.6) (end -0.35 0.6) (layer F.SilkS) (width 0.12))
    (fp_line (start -1.8 -0.65) (end 1.8 -0.65) (layer F.CrtYd) (width 0.05))
    (fp_line (start -1.8 -0.65) (end -1.8 0.65) (layer F.CrtYd) (width 0.05))
    (fp_line (start 1.8 0.65) (end 1.8 -0.65) (layer F.CrtYd) (width 0.05))
    (fp_line (start 1.8 0.65) (end -1.8 0.65) (layer F.CrtYd) (width 0.05))
    (pad 1 smd rect (at -0.95 0) (size 1.2 0.75) (layers F.Cu F.Paste F.Mask)
      (net 5 "Net-(C4-Pad1)"))
    (pad 2 smd rect (at 0.95 0) (size 1.2 0.75) (layers F.Cu F.Paste F.Mask)
      (net 1 GND))
    (model Capacitor_SMD.3dshapes/C_0603_1608Metric.wrl
      (at (xyz 0 0 0))
      (scale (xyz 1 1 1))
      (rotate (xyz 0 0 0))
    )
  )

  (module Capacitors_SMD:C_0805_HandSoldering (layer F.Cu) (tedit 58AA84A8) (tstamp 5C4FA7D2)
    (at 84.05 48.3 180)
    (descr "Capacitor SMD 0805, hand soldering")
    (tags "capacitor 0805")
    (path /5C752A36)
    (attr smd)
    (fp_text reference C5 (at 0 -1.75 180) (layer F.SilkS)
      (effects (font (size 1 1) (thickness 0.15)))
    )
    (fp_text value 1u (at 0 1.75 180) (layer F.Fab)
      (effects (font (size 1 1) (thickness 0.15)))
    )
    (fp_text user %R (at 0 -1.75 180) (layer F.Fab)
      (effects (font (size 1 1) (thickness 0.15)))
    )
    (fp_line (start -1 0.62) (end -1 -0.62) (layer F.Fab) (width 0.1))
    (fp_line (start 1 0.62) (end -1 0.62) (layer F.Fab) (width 0.1))
    (fp_line (start 1 -0.62) (end 1 0.62) (layer F.Fab) (width 0.1))
    (fp_line (start -1 -0.62) (end 1 -0.62) (layer F.Fab) (width 0.1))
    (fp_line (start 0.5 -0.85) (end -0.5 -0.85) (layer F.SilkS) (width 0.12))
    (fp_line (start -0.5 0.85) (end 0.5 0.85) (layer F.SilkS) (width 0.12))
    (fp_line (start -2.25 -0.88) (end 2.25 -0.88) (layer F.CrtYd) (width 0.05))
    (fp_line (start -2.25 -0.88) (end -2.25 0.87) (layer F.CrtYd) (width 0.05))
    (fp_line (start 2.25 0.87) (end 2.25 -0.88) (layer F.CrtYd) (width 0.05))
    (fp_line (start 2.25 0.87) (end -2.25 0.87) (layer F.CrtYd) (width 0.05))
    (pad 1 smd rect (at -1.25 0 180) (size 1.5 1.25) (layers F.Cu F.Paste F.Mask)
      (net 6 /Vreg))
    (pad 2 smd rect (at 1.25 0 180) (size 1.5 1.25) (layers F.Cu F.Paste F.Mask)
      (net 1 GND))
    (model Capacitor_SMD.3dshapes/C_0805_2012Metric.wrl
      (at (xyz 0 0 0))
      (scale (xyz 1 1 1))
      (rotate (xyz 0 0 0))
    )
  )

  (module Capacitors_SMD:C_0603_HandSoldering (layer F.Cu) (tedit 58AA848B) (tstamp 5C4FA7E3)
    (at 69 22 180)
    (descr "Capacitor SMD 0603, hand soldering")
    (tags "capacitor 0603")
    (path /5C58085B)
    (attr smd)
    (fp_text reference C6 (at 3 0 180) (layer F.SilkS)
      (effects (font (size 1 1) (thickness 0.15)))
    )
    (fp_text value 100p (at 0 1.5 180) (layer F.Fab)
      (effects (font (size 1 1) (thickness 0.15)))
    )
    (fp_text user %R (at 0 -1.25 180) (layer F.Fab)
      (effects (font (size 1 1) (thickness 0.15)))
    )
    (fp_line (start -0.8 0.4) (end -0.8 -0.4) (layer F.Fab) (width 0.1))
    (fp_line (start 0.8 0.4) (end -0.8 0.4) (layer F.Fab) (width 0.1))
    (fp_line (start 0.8 -0.4) (end 0.8 0.4) (layer F.Fab) (width 0.1))
    (fp_line (start -0.8 -0.4) (end 0.8 -0.4) (layer F.Fab) (width 0.1))
    (fp_line (start -0.35 -0.6) (end 0.35 -0.6) (layer F.SilkS) (width 0.12))
    (fp_line (start 0.35 0.6) (end -0.35 0.6) (layer F.SilkS) (width 0.12))
    (fp_line (start -1.8 -0.65) (end 1.8 -0.65) (layer F.CrtYd) (width 0.05))
    (fp_line (start -1.8 -0.65) (end -1.8 0.65) (layer F.CrtYd) (width 0.05))
    (fp_line (start 1.8 0.65) (end 1.8 -0.65) (layer F.CrtYd) (width 0.05))
    (fp_line (start 1.8 0.65) (end -1.8 0.65) (layer F.CrtYd) (width 0.05))
    (pad 1 smd rect (at -0.95 0 180) (size 1.2 0.75) (layers F.Cu F.Paste F.Mask)
      (net 7 "Net-(C6-Pad1)"))
    (pad 2 smd rect (at 0.95 0 180) (size 1.2 0.75) (layers F.Cu F.Paste F.Mask)
      (net 1 GND))
    (model Capacitor_SMD.3dshapes/C_0603_1608Metric.wrl
      (at (xyz 0 0 0))
      (scale (xyz 1 1 1))
      (rotate (xyz 0 0 0))
    )
  )

  (module Capacitors_SMD:C_0603_HandSoldering (layer F.Cu) (tedit 58AA848B) (tstamp 5C4FA7F4)
    (at 69 28 180)
    (descr "Capacitor SMD 0603, hand soldering")
    (tags "capacitor 0603")
    (path /5C538A5E)
    (attr smd)
    (fp_text reference C7 (at 3 0 180) (layer F.SilkS)
      (effects (font (size 1 1) (thickness 0.15)))
    )
    (fp_text value 100p (at 0 1.5 180) (layer F.Fab)
      (effects (font (size 1 1) (thickness 0.15)))
    )
    (fp_line (start 1.8 0.65) (end -1.8 0.65) (layer F.CrtYd) (width 0.05))
    (fp_line (start 1.8 0.65) (end 1.8 -0.65) (layer F.CrtYd) (width 0.05))
    (fp_line (start -1.8 -0.65) (end -1.8 0.65) (layer F.CrtYd) (width 0.05))
    (fp_line (start -1.8 -0.65) (end 1.8 -0.65) (layer F.CrtYd) (width 0.05))
    (fp_line (start 0.35 0.6) (end -0.35 0.6) (layer F.SilkS) (width 0.12))
    (fp_line (start -0.35 -0.6) (end 0.35 -0.6) (layer F.SilkS) (width 0.12))
    (fp_line (start -0.8 -0.4) (end 0.8 -0.4) (layer F.Fab) (width 0.1))
    (fp_line (start 0.8 -0.4) (end 0.8 0.4) (layer F.Fab) (width 0.1))
    (fp_line (start 0.8 0.4) (end -0.8 0.4) (layer F.Fab) (width 0.1))
    (fp_line (start -0.8 0.4) (end -0.8 -0.4) (layer F.Fab) (width 0.1))
    (fp_text user %R (at 0 -1.25 180) (layer F.Fab)
      (effects (font (size 1 1) (thickness 0.15)))
    )
    (pad 2 smd rect (at 0.95 0 180) (size 1.2 0.75) (layers F.Cu F.Paste F.Mask)
      (net 1 GND))
    (pad 1 smd rect (at -0.95 0 180) (size 1.2 0.75) (layers F.Cu F.Paste F.Mask)
      (net 8 "Net-(C7-Pad1)"))
    (model Capacitor_SMD.3dshapes/C_0603_1608Metric.wrl
      (at (xyz 0 0 0))
      (scale (xyz 1 1 1))
      (rotate (xyz 0 0 0))
    )
  )

  (module Capacitors_SMD:C_0603_HandSoldering (layer F.Cu) (tedit 58AA848B) (tstamp 5C4FA805)
    (at 64.3 90.7 90)
    (descr "Capacitor SMD 0603, hand soldering")
    (tags "capacitor 0603")
    (path /5C988C8A)
    (attr smd)
    (fp_text reference C8 (at 3 0 90) (layer F.SilkS)
      (effects (font (size 1 1) (thickness 0.15)))
    )
    (fp_text value 100n (at 0 1.5 90) (layer F.Fab)
      (effects (font (size 1 1) (thickness 0.15)))
    )
    (fp_line (start 1.8 0.65) (end -1.8 0.65) (layer F.CrtYd) (width 0.05))
    (fp_line (start 1.8 0.65) (end 1.8 -0.65) (layer F.CrtYd) (width 0.05))
    (fp_line (start -1.8 -0.65) (end -1.8 0.65) (layer F.CrtYd) (width 0.05))
    (fp_line (start -1.8 -0.65) (end 1.8 -0.65) (layer F.CrtYd) (width 0.05))
    (fp_line (start 0.35 0.6) (end -0.35 0.6) (layer F.SilkS) (width 0.12))
    (fp_line (start -0.35 -0.6) (end 0.35 -0.6) (layer F.SilkS) (width 0.12))
    (fp_line (start -0.8 -0.4) (end 0.8 -0.4) (layer F.Fab) (width 0.1))
    (fp_line (start 0.8 -0.4) (end 0.8 0.4) (layer F.Fab) (width 0.1))
    (fp_line (start 0.8 0.4) (end -0.8 0.4) (layer F.Fab) (width 0.1))
    (fp_line (start -0.8 0.4) (end -0.8 -0.4) (layer F.Fab) (width 0.1))
    (fp_text user %R (at 0 -1.25 90) (layer F.Fab)
      (effects (font (size 1 1) (thickness 0.15)))
    )
    (pad 2 smd rect (at 0.95 0 90) (size 1.2 0.75) (layers F.Cu F.Paste F.Mask)
      (net 1 GND))
    (pad 1 smd rect (at -0.95 0 90) (size 1.2 0.75) (layers F.Cu F.Paste F.Mask)
      (net 9 /T1))
    (model Capacitor_SMD.3dshapes/C_0603_1608Metric.wrl
      (at (xyz 0 0 0))
      (scale (xyz 1 1 1))
      (rotate (xyz 0 0 0))
    )
  )

  (module Capacitors_SMD:C_0603_HandSoldering (layer F.Cu) (tedit 58AA848B) (tstamp 5C4FA816)
    (at 68.3 90.7 90)
    (descr "Capacitor SMD 0603, hand soldering")
    (tags "capacitor 0603")
    (path /5C9E3BE3)
    (attr smd)
    (fp_text reference C9 (at 3 0 90) (layer F.SilkS)
      (effects (font (size 1 1) (thickness 0.15)))
    )
    (fp_text value 100n (at 0 1.5 90) (layer F.Fab)
      (effects (font (size 1 1) (thickness 0.15)))
    )
    (fp_text user %R (at 0 -1.25 90) (layer F.Fab)
      (effects (font (size 1 1) (thickness 0.15)))
    )
    (fp_line (start -0.8 0.4) (end -0.8 -0.4) (layer F.Fab) (width 0.1))
    (fp_line (start 0.8 0.4) (end -0.8 0.4) (layer F.Fab) (width 0.1))
    (fp_line (start 0.8 -0.4) (end 0.8 0.4) (layer F.Fab) (width 0.1))
    (fp_line (start -0.8 -0.4) (end 0.8 -0.4) (layer F.Fab) (width 0.1))
    (fp_line (start -0.35 -0.6) (end 0.35 -0.6) (layer F.SilkS) (width 0.12))
    (fp_line (start 0.35 0.6) (end -0.35 0.6) (layer F.SilkS) (width 0.12))
    (fp_line (start -1.8 -0.65) (end 1.8 -0.65) (layer F.CrtYd) (width 0.05))
    (fp_line (start -1.8 -0.65) (end -1.8 0.65) (layer F.CrtYd) (width 0.05))
    (fp_line (start 1.8 0.65) (end 1.8 -0.65) (layer F.CrtYd) (width 0.05))
    (fp_line (start 1.8 0.65) (end -1.8 0.65) (layer F.CrtYd) (width 0.05))
    (pad 1 smd rect (at -0.95 0 90) (size 1.2 0.75) (layers F.Cu F.Paste F.Mask)
      (net 10 /T2))
    (pad 2 smd rect (at 0.95 0 90) (size 1.2 0.75) (layers F.Cu F.Paste F.Mask)
      (net 1 GND))
    (model Capacitor_SMD.3dshapes/C_0603_1608Metric.wrl
      (at (xyz 0 0 0))
      (scale (xyz 1 1 1))
      (rotate (xyz 0 0 0))
    )
  )

  (module Capacitors_SMD:C_0603_HandSoldering (layer F.Cu) (tedit 58AA848B) (tstamp 5C4FA827)
    (at 72.3 90.7 90)
    (descr "Capacitor SMD 0603, hand soldering")
    (tags "capacitor 0603")
    (path /5CA0A378)
    (attr smd)
    (fp_text reference C10 (at 3 0 90) (layer F.SilkS)
      (effects (font (size 1 1) (thickness 0.15)))
    )
    (fp_text value 100n (at 0 1.5 90) (layer F.Fab)
      (effects (font (size 1 1) (thickness 0.15)))
    )
    (fp_line (start 1.8 0.65) (end -1.8 0.65) (layer F.CrtYd) (width 0.05))
    (fp_line (start 1.8 0.65) (end 1.8 -0.65) (layer F.CrtYd) (width 0.05))
    (fp_line (start -1.8 -0.65) (end -1.8 0.65) (layer F.CrtYd) (width 0.05))
    (fp_line (start -1.8 -0.65) (end 1.8 -0.65) (layer F.CrtYd) (width 0.05))
    (fp_line (start 0.35 0.6) (end -0.35 0.6) (layer F.SilkS) (width 0.12))
    (fp_line (start -0.35 -0.6) (end 0.35 -0.6) (layer F.SilkS) (width 0.12))
    (fp_line (start -0.8 -0.4) (end 0.8 -0.4) (layer F.Fab) (width 0.1))
    (fp_line (start 0.8 -0.4) (end 0.8 0.4) (layer F.Fab) (width 0.1))
    (fp_line (start 0.8 0.4) (end -0.8 0.4) (layer F.Fab) (width 0.1))
    (fp_line (start -0.8 0.4) (end -0.8 -0.4) (layer F.Fab) (width 0.1))
    (fp_text user %R (at 0 -1.25 90) (layer F.Fab)
      (effects (font (size 1 1) (thickness 0.15)))
    )
    (pad 2 smd rect (at 0.95 0 90) (size 1.2 0.75) (layers F.Cu F.Paste F.Mask)
      (net 1 GND))
    (pad 1 smd rect (at -0.95 0 90) (size 1.2 0.75) (layers F.Cu F.Paste F.Mask)
      (net 11 /T3))
    (model Capacitor_SMD.3dshapes/C_0603_1608Metric.wrl
      (at (xyz 0 0 0))
      (scale (xyz 1 1 1))
      (rotate (xyz 0 0 0))
    )
  )

  (module Capacitors_SMD:C_0603_HandSoldering (layer F.Cu) (tedit 58AA848B) (tstamp 5C4FA838)
    (at 76.3 90.7 90)
    (descr "Capacitor SMD 0603, hand soldering")
    (tags "capacitor 0603")
    (path /5CA0A39E)
    (attr smd)
    (fp_text reference C11 (at 3 0 90) (layer F.SilkS)
      (effects (font (size 1 1) (thickness 0.15)))
    )
    (fp_text value 100n (at 0 1.5 90) (layer F.Fab)
      (effects (font (size 1 1) (thickness 0.15)))
    )
    (fp_text user %R (at 0 -1.25 90) (layer F.Fab)
      (effects (font (size 1 1) (thickness 0.15)))
    )
    (fp_line (start -0.8 0.4) (end -0.8 -0.4) (layer F.Fab) (width 0.1))
    (fp_line (start 0.8 0.4) (end -0.8 0.4) (layer F.Fab) (width 0.1))
    (fp_line (start 0.8 -0.4) (end 0.8 0.4) (layer F.Fab) (width 0.1))
    (fp_line (start -0.8 -0.4) (end 0.8 -0.4) (layer F.Fab) (width 0.1))
    (fp_line (start -0.35 -0.6) (end 0.35 -0.6) (layer F.SilkS) (width 0.12))
    (fp_line (start 0.35 0.6) (end -0.35 0.6) (layer F.SilkS) (width 0.12))
    (fp_line (start -1.8 -0.65) (end 1.8 -0.65) (layer F.CrtYd) (width 0.05))
    (fp_line (start -1.8 -0.65) (end -1.8 0.65) (layer F.CrtYd) (width 0.05))
    (fp_line (start 1.8 0.65) (end 1.8 -0.65) (layer F.CrtYd) (width 0.05))
    (fp_line (start 1.8 0.65) (end -1.8 0.65) (layer F.CrtYd) (width 0.05))
    (pad 1 smd rect (at -0.95 0 90) (size 1.2 0.75) (layers F.Cu F.Paste F.Mask)
      (net 12 /T4))
    (pad 2 smd rect (at 0.95 0 90) (size 1.2 0.75) (layers F.Cu F.Paste F.Mask)
      (net 1 GND))
    (model Capacitor_SMD.3dshapes/C_0603_1608Metric.wrl
      (at (xyz 0 0 0))
      (scale (xyz 1 1 1))
      (rotate (xyz 0 0 0))
    )
  )

  (module Capacitors_SMD:C_0603_HandSoldering (layer F.Cu) (tedit 58AA848B) (tstamp 5C4FA849)
    (at 80.3 90.7 90)
    (descr "Capacitor SMD 0603, hand soldering")
    (tags "capacitor 0603")
    (path /5CA1F924)
    (attr smd)
    (fp_text reference C12 (at 3 0 90) (layer F.SilkS)
      (effects (font (size 1 1) (thickness 0.15)))
    )
    (fp_text value 100n (at 0 1.5 90) (layer F.Fab)
      (effects (font (size 1 1) (thickness 0.15)))
    )
    (fp_line (start 1.8 0.65) (end -1.8 0.65) (layer F.CrtYd) (width 0.05))
    (fp_line (start 1.8 0.65) (end 1.8 -0.65) (layer F.CrtYd) (width 0.05))
    (fp_line (start -1.8 -0.65) (end -1.8 0.65) (layer F.CrtYd) (width 0.05))
    (fp_line (start -1.8 -0.65) (end 1.8 -0.65) (layer F.CrtYd) (width 0.05))
    (fp_line (start 0.35 0.6) (end -0.35 0.6) (layer F.SilkS) (width 0.12))
    (fp_line (start -0.35 -0.6) (end 0.35 -0.6) (layer F.SilkS) (width 0.12))
    (fp_line (start -0.8 -0.4) (end 0.8 -0.4) (layer F.Fab) (width 0.1))
    (fp_line (start 0.8 -0.4) (end 0.8 0.4) (layer F.Fab) (width 0.1))
    (fp_line (start 0.8 0.4) (end -0.8 0.4) (layer F.Fab) (width 0.1))
    (fp_line (start -0.8 0.4) (end -0.8 -0.4) (layer F.Fab) (width 0.1))
    (fp_text user %R (at 0 -1.25 90) (layer F.Fab)
      (effects (font (size 1 1) (thickness 0.15)))
    )
    (pad 2 smd rect (at 0.95 0 90) (size 1.2 0.75) (layers F.Cu F.Paste F.Mask)
      (net 1 GND))
    (pad 1 smd rect (at -0.95 0 90) (size 1.2 0.75) (layers F.Cu F.Paste F.Mask)
      (net 13 /T5))
    (model Capacitor_SMD.3dshapes/C_0603_1608Metric.wrl
      (at (xyz 0 0 0))
      (scale (xyz 1 1 1))
      (rotate (xyz 0 0 0))
    )
  )

  (module Fuse_Holders_and_Fuses:Fuse_SMD1206_HandSoldering (layer F.Cu) (tedit 0) (tstamp 5C4FA925)
    (at 14 16)
    (descr "Fuse, Sicherung, SMD1206, Littlefuse-Wickmann 433 Series, Hand Soldering,")
    (tags "Fuse Sicherung SMD1206 Littlefuse-Wickmann 433 Series Hand Soldering ")
    (path /5C5F48B5)
    (attr smd)
    (fp_text reference F1 (at -0.05 -2.2) (layer F.SilkS)
      (effects (font (size 1 1) (thickness 0.15)))
    )
    (fp_text value 0.25A (at -0.15 2.5) (layer F.Fab)
      (effects (font (size 1 1) (thickness 0.15)))
    )
    (fp_line (start -1.6 0.8) (end -1.6 -0.8) (layer F.Fab) (width 0.1))
    (fp_line (start 1.6 0.8) (end -1.6 0.8) (layer F.Fab) (width 0.1))
    (fp_line (start 1.6 -0.8) (end 1.6 0.8) (layer F.Fab) (width 0.1))
    (fp_line (start -1.6 -0.8) (end 1.6 -0.8) (layer F.Fab) (width 0.1))
    (fp_line (start 1 1.07) (end -1 1.07) (layer F.SilkS) (width 0.12))
    (fp_line (start -1 -1.07) (end 1 -1.07) (layer F.SilkS) (width 0.12))
    (fp_line (start -3.35 -1.58) (end 3.35 -1.58) (layer F.CrtYd) (width 0.05))
    (fp_line (start -3.35 -1.58) (end -3.35 1.58) (layer F.CrtYd) (width 0.05))
    (fp_line (start 3.35 1.58) (end 3.35 -1.58) (layer F.CrtYd) (width 0.05))
    (fp_line (start 3.35 1.58) (end -3.35 1.58) (layer F.CrtYd) (width 0.05))
    (pad 1 smd rect (at -2.09 0 90) (size 2.03 2.65) (layers F.Cu F.Paste F.Mask)
      (net 26 "Net-(F1-Pad1)"))
    (pad 2 smd rect (at 2.09 0 90) (size 2.03 2.65) (layers F.Cu F.Paste F.Mask)
      (net 27 /cell12/C+))
    (model ${KISYS3DMOD}/Resistor_SMD.3dshapes/R_1806_4516Metric.wrl
      (at (xyz 0 0 0))
      (scale (xyz 1 1 1))
      (rotate (xyz 0 0 0))
    )
  )

  (module Fuse_Holders_and_Fuses:Fuse_SMD1206_HandSoldering (layer F.Cu) (tedit 0) (tstamp 5C4FA935)
    (at 14 22)
    (descr "Fuse, Sicherung, SMD1206, Littlefuse-Wickmann 433 Series, Hand Soldering,")
    (tags "Fuse Sicherung SMD1206 Littlefuse-Wickmann 433 Series Hand Soldering ")
    (path /5C5F6C0F)
    (attr smd)
    (fp_text reference F2 (at -0.05 -2.2) (layer F.SilkS)
      (effects (font (size 1 1) (thickness 0.15)))
    )
    (fp_text value 0.25A (at -0.15 2.5) (layer F.Fab)
      (effects (font (size 1 1) (thickness 0.15)))
    )
    (fp_line (start 3.35 1.58) (end -3.35 1.58) (layer F.CrtYd) (width 0.05))
    (fp_line (start 3.35 1.58) (end 3.35 -1.58) (layer F.CrtYd) (width 0.05))
    (fp_line (start -3.35 -1.58) (end -3.35 1.58) (layer F.CrtYd) (width 0.05))
    (fp_line (start -3.35 -1.58) (end 3.35 -1.58) (layer F.CrtYd) (width 0.05))
    (fp_line (start -1 -1.07) (end 1 -1.07) (layer F.SilkS) (width 0.12))
    (fp_line (start 1 1.07) (end -1 1.07) (layer F.SilkS) (width 0.12))
    (fp_line (start -1.6 -0.8) (end 1.6 -0.8) (layer F.Fab) (width 0.1))
    (fp_line (start 1.6 -0.8) (end 1.6 0.8) (layer F.Fab) (width 0.1))
    (fp_line (start 1.6 0.8) (end -1.6 0.8) (layer F.Fab) (width 0.1))
    (fp_line (start -1.6 0.8) (end -1.6 -0.8) (layer F.Fab) (width 0.1))
    (pad 2 smd rect (at 2.09 0 90) (size 2.03 2.65) (layers F.Cu F.Paste F.Mask)
      (net 28 /cell11/C+))
    (pad 1 smd rect (at -2.09 0 90) (size 2.03 2.65) (layers F.Cu F.Paste F.Mask)
      (net 29 "Net-(F2-Pad1)"))
    (model ${KISYS3DMOD}/Resistor_SMD.3dshapes/R_1806_4516Metric.wrl
      (at (xyz 0 0 0))
      (scale (xyz 1 1 1))
      (rotate (xyz 0 0 0))
    )
  )

  (module Fuse_Holders_and_Fuses:Fuse_SMD1206_HandSoldering (layer F.Cu) (tedit 0) (tstamp 5C4FA945)
    (at 14 28)
    (descr "Fuse, Sicherung, SMD1206, Littlefuse-Wickmann 433 Series, Hand Soldering,")
    (tags "Fuse Sicherung SMD1206 Littlefuse-Wickmann 433 Series Hand Soldering ")
    (path /5C5F6DA2)
    (attr smd)
    (fp_text reference F3 (at 0 -2.2) (layer F.SilkS)
      (effects (font (size 1 1) (thickness 0.15)))
    )
    (fp_text value 0.25A (at -0.15 2.5) (layer F.Fab)
      (effects (font (size 1 1) (thickness 0.15)))
    )
    (fp_line (start -1.6 0.8) (end -1.6 -0.8) (layer F.Fab) (width 0.1))
    (fp_line (start 1.6 0.8) (end -1.6 0.8) (layer F.Fab) (width 0.1))
    (fp_line (start 1.6 -0.8) (end 1.6 0.8) (layer F.Fab) (width 0.1))
    (fp_line (start -1.6 -0.8) (end 1.6 -0.8) (layer F.Fab) (width 0.1))
    (fp_line (start 1 1.07) (end -1 1.07) (layer F.SilkS) (width 0.12))
    (fp_line (start -1 -1.07) (end 1 -1.07) (layer F.SilkS) (width 0.12))
    (fp_line (start -3.35 -1.58) (end 3.35 -1.58) (layer F.CrtYd) (width 0.05))
    (fp_line (start -3.35 -1.58) (end -3.35 1.58) (layer F.CrtYd) (width 0.05))
    (fp_line (start 3.35 1.58) (end 3.35 -1.58) (layer F.CrtYd) (width 0.05))
    (fp_line (start 3.35 1.58) (end -3.35 1.58) (layer F.CrtYd) (width 0.05))
    (pad 1 smd rect (at -2.09 0 90) (size 2.03 2.65) (layers F.Cu F.Paste F.Mask)
      (net 30 "Net-(F3-Pad1)"))
    (pad 2 smd rect (at 2.09 0 90) (size 2.03 2.65) (layers F.Cu F.Paste F.Mask)
      (net 31 /cell10/C+))
    (model ${KISYS3DMOD}/Resistor_SMD.3dshapes/R_1806_4516Metric.wrl
      (at (xyz 0 0 0))
      (scale (xyz 1 1 1))
      (rotate (xyz 0 0 0))
    )
  )

  (module Fuse_Holders_and_Fuses:Fuse_SMD1206_HandSoldering (layer F.Cu) (tedit 0) (tstamp 5C4FA955)
    (at 14 34)
    (descr "Fuse, Sicherung, SMD1206, Littlefuse-Wickmann 433 Series, Hand Soldering,")
    (tags "Fuse Sicherung SMD1206 Littlefuse-Wickmann 433 Series Hand Soldering ")
    (path /5C5F6F63)
    (attr smd)
    (fp_text reference F4 (at -0.05 -2.2) (layer F.SilkS)
      (effects (font (size 1 1) (thickness 0.15)))
    )
    (fp_text value 0.25A (at -0.15 2.5) (layer F.Fab)
      (effects (font (size 1 1) (thickness 0.15)))
    )
    (fp_line (start 3.35 1.58) (end -3.35 1.58) (layer F.CrtYd) (width 0.05))
    (fp_line (start 3.35 1.58) (end 3.35 -1.58) (layer F.CrtYd) (width 0.05))
    (fp_line (start -3.35 -1.58) (end -3.35 1.58) (layer F.CrtYd) (width 0.05))
    (fp_line (start -3.35 -1.58) (end 3.35 -1.58) (layer F.CrtYd) (width 0.05))
    (fp_line (start -1 -1.07) (end 1 -1.07) (layer F.SilkS) (width 0.12))
    (fp_line (start 1 1.07) (end -1 1.07) (layer F.SilkS) (width 0.12))
    (fp_line (start -1.6 -0.8) (end 1.6 -0.8) (layer F.Fab) (width 0.1))
    (fp_line (start 1.6 -0.8) (end 1.6 0.8) (layer F.Fab) (width 0.1))
    (fp_line (start 1.6 0.8) (end -1.6 0.8) (layer F.Fab) (width 0.1))
    (fp_line (start -1.6 0.8) (end -1.6 -0.8) (layer F.Fab) (width 0.1))
    (pad 2 smd rect (at 2.09 0 90) (size 2.03 2.65) (layers F.Cu F.Paste F.Mask)
      (net 32 /cell9/C+))
    (pad 1 smd rect (at -2.09 0 90) (size 2.03 2.65) (layers F.Cu F.Paste F.Mask)
      (net 33 "Net-(F4-Pad1)"))
    (model ${KISYS3DMOD}/Resistor_SMD.3dshapes/R_1806_4516Metric.wrl
      (at (xyz 0 0 0))
      (scale (xyz 1 1 1))
      (rotate (xyz 0 0 0))
    )
  )

  (module Fuse_Holders_and_Fuses:Fuse_SMD1206_HandSoldering (layer F.Cu) (tedit 0) (tstamp 5C4FA965)
    (at 14 40)
    (descr "Fuse, Sicherung, SMD1206, Littlefuse-Wickmann 433 Series, Hand Soldering,")
    (tags "Fuse Sicherung SMD1206 Littlefuse-Wickmann 433 Series Hand Soldering ")
    (path /5C5F71AE)
    (attr smd)
    (fp_text reference F5 (at -0.05 -2.2) (layer F.SilkS)
      (effects (font (size 1 1) (thickness 0.15)))
    )
    (fp_text value 0.25A (at -0.15 2.5) (layer F.Fab)
      (effects (font (size 1 1) (thickness 0.15)))
    )
    (fp_line (start -1.6 0.8) (end -1.6 -0.8) (layer F.Fab) (width 0.1))
    (fp_line (start 1.6 0.8) (end -1.6 0.8) (layer F.Fab) (width 0.1))
    (fp_line (start 1.6 -0.8) (end 1.6 0.8) (layer F.Fab) (width 0.1))
    (fp_line (start -1.6 -0.8) (end 1.6 -0.8) (layer F.Fab) (width 0.1))
    (fp_line (start 1 1.07) (end -1 1.07) (layer F.SilkS) (width 0.12))
    (fp_line (start -1 -1.07) (end 1 -1.07) (layer F.SilkS) (width 0.12))
    (fp_line (start -3.35 -1.58) (end 3.35 -1.58) (layer F.CrtYd) (width 0.05))
    (fp_line (start -3.35 -1.58) (end -3.35 1.58) (layer F.CrtYd) (width 0.05))
    (fp_line (start 3.35 1.58) (end 3.35 -1.58) (layer F.CrtYd) (width 0.05))
    (fp_line (start 3.35 1.58) (end -3.35 1.58) (layer F.CrtYd) (width 0.05))
    (pad 1 smd rect (at -2.09 0 90) (size 2.03 2.65) (layers F.Cu F.Paste F.Mask)
      (net 34 "Net-(F5-Pad1)"))
    (pad 2 smd rect (at 2.09 0 90) (size 2.03 2.65) (layers F.Cu F.Paste F.Mask)
      (net 35 /cell8/C+))
    (model ${KISYS3DMOD}/Resistor_SMD.3dshapes/R_1806_4516Metric.wrl
      (at (xyz 0 0 0))
      (scale (xyz 1 1 1))
      (rotate (xyz 0 0 0))
    )
  )

  (module Fuse_Holders_and_Fuses:Fuse_SMD1206_HandSoldering (layer F.Cu) (tedit 0) (tstamp 5C4FA975)
    (at 14 46)
    (descr "Fuse, Sicherung, SMD1206, Littlefuse-Wickmann 433 Series, Hand Soldering,")
    (tags "Fuse Sicherung SMD1206 Littlefuse-Wickmann 433 Series Hand Soldering ")
    (path /5C5F73A5)
    (attr smd)
    (fp_text reference F6 (at -0.05 -2.2) (layer F.SilkS)
      (effects (font (size 1 1) (thickness 0.15)))
    )
    (fp_text value 0.25A (at -0.15 2.5) (layer F.Fab)
      (effects (font (size 1 1) (thickness 0.15)))
    )
    (fp_line (start 3.35 1.58) (end -3.35 1.58) (layer F.CrtYd) (width 0.05))
    (fp_line (start 3.35 1.58) (end 3.35 -1.58) (layer F.CrtYd) (width 0.05))
    (fp_line (start -3.35 -1.58) (end -3.35 1.58) (layer F.CrtYd) (width 0.05))
    (fp_line (start -3.35 -1.58) (end 3.35 -1.58) (layer F.CrtYd) (width 0.05))
    (fp_line (start -1 -1.07) (end 1 -1.07) (layer F.SilkS) (width 0.12))
    (fp_line (start 1 1.07) (end -1 1.07) (layer F.SilkS) (width 0.12))
    (fp_line (start -1.6 -0.8) (end 1.6 -0.8) (layer F.Fab) (width 0.1))
    (fp_line (start 1.6 -0.8) (end 1.6 0.8) (layer F.Fab) (width 0.1))
    (fp_line (start 1.6 0.8) (end -1.6 0.8) (layer F.Fab) (width 0.1))
    (fp_line (start -1.6 0.8) (end -1.6 -0.8) (layer F.Fab) (width 0.1))
    (pad 2 smd rect (at 2.09 0 90) (size 2.03 2.65) (layers F.Cu F.Paste F.Mask)
      (net 36 /cell7/C+))
    (pad 1 smd rect (at -2.09 0 90) (size 2.03 2.65) (layers F.Cu F.Paste F.Mask)
      (net 37 "Net-(F6-Pad1)"))
    (model ${KISYS3DMOD}/Resistor_SMD.3dshapes/R_1806_4516Metric.wrl
      (at (xyz 0 0 0))
      (scale (xyz 1 1 1))
      (rotate (xyz 0 0 0))
    )
  )

  (module Fuse_Holders_and_Fuses:Fuse_SMD1206_HandSoldering (layer F.Cu) (tedit 0) (tstamp 5C4FA985)
    (at 14 52)
    (descr "Fuse, Sicherung, SMD1206, Littlefuse-Wickmann 433 Series, Hand Soldering,")
    (tags "Fuse Sicherung SMD1206 Littlefuse-Wickmann 433 Series Hand Soldering ")
    (path /5C5F7642)
    (attr smd)
    (fp_text reference F7 (at -0.05 -2.2) (layer F.SilkS)
      (effects (font (size 1 1) (thickness 0.15)))
    )
    (fp_text value 0.25A (at -0.15 2.5) (layer F.Fab)
      (effects (font (size 1 1) (thickness 0.15)))
    )
    (fp_line (start -1.6 0.8) (end -1.6 -0.8) (layer F.Fab) (width 0.1))
    (fp_line (start 1.6 0.8) (end -1.6 0.8) (layer F.Fab) (width 0.1))
    (fp_line (start 1.6 -0.8) (end 1.6 0.8) (layer F.Fab) (width 0.1))
    (fp_line (start -1.6 -0.8) (end 1.6 -0.8) (layer F.Fab) (width 0.1))
    (fp_line (start 1 1.07) (end -1 1.07) (layer F.SilkS) (width 0.12))
    (fp_line (start -1 -1.07) (end 1 -1.07) (layer F.SilkS) (width 0.12))
    (fp_line (start -3.35 -1.58) (end 3.35 -1.58) (layer F.CrtYd) (width 0.05))
    (fp_line (start -3.35 -1.58) (end -3.35 1.58) (layer F.CrtYd) (width 0.05))
    (fp_line (start 3.35 1.58) (end 3.35 -1.58) (layer F.CrtYd) (width 0.05))
    (fp_line (start 3.35 1.58) (end -3.35 1.58) (layer F.CrtYd) (width 0.05))
    (pad 1 smd rect (at -2.09 0 90) (size 2.03 2.65) (layers F.Cu F.Paste F.Mask)
      (net 38 "Net-(F7-Pad1)"))
    (pad 2 smd rect (at 2.09 0 90) (size 2.03 2.65) (layers F.Cu F.Paste F.Mask)
      (net 39 /cell6/C+))
    (model ${KISYS3DMOD}/Resistor_SMD.3dshapes/R_1806_4516Metric.wrl
      (at (xyz 0 0 0))
      (scale (xyz 1 1 1))
      (rotate (xyz 0 0 0))
    )
  )

  (module Fuse_Holders_and_Fuses:Fuse_SMD1206_HandSoldering (layer F.Cu) (tedit 0) (tstamp 5C4FA995)
    (at 14 58)
    (descr "Fuse, Sicherung, SMD1206, Littlefuse-Wickmann 433 Series, Hand Soldering,")
    (tags "Fuse Sicherung SMD1206 Littlefuse-Wickmann 433 Series Hand Soldering ")
    (path /5C5F7924)
    (attr smd)
    (fp_text reference F8 (at -0.05 -2.2) (layer F.SilkS)
      (effects (font (size 1 1) (thickness 0.15)))
    )
    (fp_text value 0.25A (at -0.15 2.5) (layer F.Fab)
      (effects (font (size 1 1) (thickness 0.15)))
    )
    (fp_line (start 3.35 1.58) (end -3.35 1.58) (layer F.CrtYd) (width 0.05))
    (fp_line (start 3.35 1.58) (end 3.35 -1.58) (layer F.CrtYd) (width 0.05))
    (fp_line (start -3.35 -1.58) (end -3.35 1.58) (layer F.CrtYd) (width 0.05))
    (fp_line (start -3.35 -1.58) (end 3.35 -1.58) (layer F.CrtYd) (width 0.05))
